1517221395	0	28	6	44	66
1517221411	0	33	1	52	207
1517221424	0	25	0	53	364
1517221444	0	32	35	50	523
1517221458	0	24	71	49	364
1517221469	0	33	1	46	528
1517221482	0	25	0	54	681
1517221495	0	32	35	48	203
1517221513	0	24	71	53	367
1517221518	0	33	1	52	209
1517221544	0	25	0	45	367
1517221555	0	32	35	48	207
1517222810	0	29	0	39	751
1517222842	0	28	58	35	750
1517222851	0	33	1	36	202
1517222856	0	24	29	41	365
1517222870	0	29	1	35	754
1517222902	0	33	1	35	206
1517222909	0	24	29	41	371
1517222934	0	25	1	42	367
1517222956	0	28	58	35	754
1517222960	0	33	1	35	207
1517222965	0	24	28	41	366
1517223016	0	33	1	35	203
1517223027	0	24	28	41	365
1517223050	0	29	0	37	753
1517223055	0	32	55	34	204
1517223066	0	25	0	42	365
1517223077	0	33	1	34	204
1517223085	0	28	58	37	752
1517223111	0	32	55	34	204
1517223122	0	29	1	35	752
1517223138	0	33	1	33	206
1517223155	0	28	58	37	751
1517223179	0	24	28	42	369
1517223202	0	33	1	34	206
1517223211	0	25	0	42	369
1517223215	0	28	58	37	754
1517223237	0	32	55	34	586
1517223246	0	24	28	42	369
1517223250	0	29	1	37	755
1517223259	0	33	1	34	586
1517223265	0	25	0	43	751
1517223288	0	24	29	43	368
1517223306	0	33	1	34	137
1517223325	0	25	0	43	749
1517223365	0	29	1	39	758
1517223386	0	28	58	39	756
1517223418	0	25	1	44	371
1517223435	0	33	0	36	211
1517223452	0	24	28	43	373
1517223469	0	32	55	35	208
1517223486	0	25	1	44	372
1517223505	0	33	1	36	206
1517223532	0	32	55	36	211
1517223553	0	25	0	43	373
1517223558	0	33	1	35	208
1517223565	0	28	58	41	759
1517223594	0	32	55	36	207
1517223600	0	29	1	33	758
1517223621	0	25	0	41	348
1517223625	0	33	1	58	182
1517223659	0	24	28	44	374
1517223682	0	33	1	35	209
1517223693	0	25	0	43	374
1517223714	0	24	28	44	373
1517223720	0	32	55	35	209
1517223741	0	25	0	44	374
1517223755	0	33	1	35	207
1517223774	0	24	28	44	377
1517223779	0	29	1	41	762
1517223794	0	32	55	35	208
1517223803	0	25	1	43	374
1517223815	0	33	1	35	208
1517223835	0	24	28	44	375
1517223851	0	32	55	34	209
1517223864	0	28	58	39	763
1517223871	0	25	0	45	377
1517223907	0	32	55	35	208
1517223927	0	33	1	35	208
1517223937	0	25	0	44	376
1517223961	0	32	55	34	208
1517223974	0	24	28	45	375
1517223981	0	33	1	35	207
1517224016	0	32	55	34	210
1517224046	0	28	58	39	762
1517224075	0	29	1	39	763
1517224090	0	24	28	44	378
1517224095	0	33	1	34	210
1517224112	0	28	58	41	762
1517224129	0	25	0	45	379
1517224133	0	29	1	39	762
1517224161	0	33	1	34	213
1517224167	0	24	28	45	380
1517224190	0	29	1	41	763
1517224206	0	25	0	41	346
1517224214	0	33	1	61	563
1517224223	0	28	58	60	117
1517224254	0	32	55	34	212
1517224269	0	25	1	45	380
1517224282	0	28	58	41	765
1517224293	0	33	1	35	209
1517224311	0	29	1	41	765
1517224331	0	32	55	35	210
1517224346	0	28	58	41	764
1517224371	0	33	1	34	209
1517224377	0	29	1	62	763
1517224404	0	32	55	34	561
1517224412	0	24	28	45	378
1517224496	0	33	1	35	212
1517224500	0	25	0	44	383
1517224517	0	32	55	34	556
1517224526	0	24	28	44	381
1517224554	0	29	1	41	768
1517224564	0	25	0	45	379
1517224569	0	32	55	34	210
1517224594	0	28	58	41	764
1517224617	0	29	1	39	767
1517224628	0	32	55	33	212
1517224648	0	28	58	37	767
1517224657	0	33	1	33	212
1517224668	0	24	29	43	383
1517224709	0	28	58	41	772
1517224750	0	25	0	44	382
1517224770	0	28	58	41	770
1517224806	0	29	1	56	102
1517224814	0	25	0	38	355
1517224818	0	32	55	56	185
1517224836	0	28	58	39	769
1517224848	0	24	28	43	384
1517224853	0	33	1	33	213
1517224863	0	29	1	41	771
1517224878	0	25	0	45	386
1517224882	0	32	55	34	214
1517224984	0	32	55	34	210
1517224988	0	29	1	41	767
1517225000	0	25	0	45	385
1517225012	0	33	1	34	211
1517225073	0	33	1	33	214
1517225099	0	32	55	34	212
1517225395	0	25	0	44	392
1517225400	0	33	1	34	219
1517225418	0	28	58	63	776
1517225430	0	24	28	41	359
1517225438	0	32	55	56	194
1517225446	0	29	1	41	752
1517225457	0	25	1	45	388
1517225466	0	33	1	34	215
1517225483	0	24	29	45	388
1517225494	0	32	55	34	217
1517225515	0	25	1	45	389
1517225521	0	33	1	34	216
1517225532	0	28	58	41	774
1517225544	0	24	29	45	390
1517225557	0	32	55	33	215
1517225578	0	19	1	41	388
1517225608	0	28	58	39	777
1517225613	0	24	29	45	389
1517225619	0	32	55	32	215
1517225636	0	25	0	45	390
1517225666	0	32	55	33	219
1517225672	0	24	28	44	391
1517225692	0	25	0	45	393
1517225704	0	33	1	33	217
1517225727	0	24	28	45	394
1517225738	0	32	55	33	217
1517225764	0	33	1	33	217
1517225769	0	29	1	43	778
1517225785	0	32	55	34	219
1517225792	0	28	58	43	774
1517225801	0	24	28	46	392
1517225818	0	33	1	33	612
1517225824	0	29	1	43	780
1517225831	0	25	0	45	394
1517225856	0	32	55	33	219
1517225882	0	33	1	34	218
1517225908	0	28	58	41	777
1517225977	0	28	58	41	778
1517225984	0	32	55	34	217
1517226012	0	29	1	43	778
1517226020	0	33	1	33	217
1517226024	0	25	0	45	393
1517226035	0	28	58	43	779
1517226052	0	24	29	45	394
1517226072	0	29	1	43	780
1517226112	0	24	28	45	395
1517226119	0	32	55	34	220
1517226133	0	29	1	43	782
1517226173	0	24	28	45	396
1517226196	0	25	0	45	395
1517226211	0	33	1	33	217
1517226214	0	28	58	43	778
1517226219	0	24	28	45	394
1517226238	0	32	55	34	218
1517226248	0	25	0	44	396
1517226262	0	33	1	33	217
1517226273	0	28	58	41	781
1517226278	0	24	29	44	396
1517226298	0	29	1	43	781
1517226305	0	25	0	45	395
1517226314	0	33	1	33	218
1517226321	0	28	58	43	779
1517226336	0	32	55	33	599
1517226345	0	29	1	42	161
1517226364	0	33	1	33	598
1517226371	0	25	0	45	398
1517226385	0	32	55	32	597
1517226400	0	29	1	41	784
1517226405	0	24	29	45	397
1517226438	0	25	1	45	398
1517226446	0	29	1	42	159
1517226461	0	32	55	32	220
1517226466	0	24	28	45	398
1517226482	0	28	58	45	783
1517226490	0	33	1	32	221
1517226506	0	25	0	45	397
1517226544	0	24	28	45	398
1517226555	0	33	1	32	221
1517226565	0	25	0	44	397
1517226576	0	29	1	45	785
1517226599	0	24	28	45	401
1517226619	0	33	1	33	223
1517226645	0	32	55	33	220
1517226666	0	24	29	45	401
1517226674	0	28	58	45	786
1517226688	0	25	1	44	402
1517226692	0	32	55	32	221
1517226706	0	29	1	45	786
1517226723	0	33	1	33	224
1517226737	0	28	58	43	787
1517226751	0	25	0	45	400
1517226780	0	33	1	33	224
1517226786	0	24	29	45	400
1517226797	0	28	58	43	787
1517226807	0	32	55	32	221
1517226818	0	25	0	45	404
1517226848	0	32	55	32	224
1517226855	0	24	29	45	403
1517226859	0	28	58	45	789
1517226869	0	33	1	32	222
1517226895	0	29	1	47	780
1517226904	0	32	55	32	216
1517226917	0	28	58	45	782
1517226930	0	33	1	32	217
1517226934	0	25	0	45	397
1517226940	0	29	1	47	784
1517226956	0	24	28	45	396
1517226967	0	32	55	33	217
1517226974	0	28	58	45	782
1517226979	0	25	0	45	397
1517226994	0	29	0	45	783
1517227001	0	24	28	45	398
1517227007	0	33	1	33	217
1517227022	0	28	58	47	783
1517227033	0	25	0	45	399
1517227042	0	32	55	32	217
1517227053	0	24	29	45	399
1517227059	0	29	0	37	785
1517227082	0	33	1	34	220
1517227086	0	25	0	45	400
1517227096	0	28	58	45	786
1517227110	0	24	28	45	402
1517227114	0	32	55	32	220
1517227143	0	25	0	43	403
1517227212	0	33	1	58	205
1517227216	0	25	0	40	386
1517227240	0	32	55	32	204
1517227273	0	33	1	33	221
1517227279	0	28	58	47	788
1517227283	0	25	0	45	400
1517227295	0	32	55	32	222
1517227326	0	33	1	32	221
1517227341	0	25	0	44	403
1517227359	0	32	55	33	221
1517227366	0	29	1	45	791
1517227376	0	24	28	45	751
1517227390	0	33	1	62	69
1517227395	0	28	58	46	137
1517227440	0	28	58	33	727
1517227449	0	33	1	59	571
1517227464	0	25	0	45	753
1517227474	0	29	1	46	138
1517227499	0	24	28	45	751
1517227510	0	28	58	47	792
1517227518	0	33	1	61	569
1517227538	0	25	0	46	406
1517227544	0	29	1	48	135
1517227686	0	32	55	58	222
1517227715	0	29	1	49	793
1517227725	0	33	1	34	224
1517227743	0	28	58	49	789
1517227751	0	32	55	60	223
1517227765	0	25	0	45	409
1517227779	0	29	1	49	794
1517227784	0	33	1	60	223
1517227799	0	24	28	45	410
1517227819	0	28	58	51	794
1517227824	0	32	55	60	224
1517227834	0	25	1	44	409
1517227840	0	29	0	49	795
1517227847	0	33	1	60	224
1517227871	0	28	58	32	793
1517227880	0	32	55	62	224
1517228068	0	29	0	51	798
1517228079	0	25	0	45	409
1517228120	0	33	0	50	225
1517228136	0	29	1	45	796
1517228145	0	25	1	46	410
1517228189	0	33	1	50	225
1517228219	0	32	55	50	226
1517228239	0	33	0	50	225
1517228265	0	32	55	50	225
1517228281	0	25	0	45	410
1517228301	0	33	1	52	225
1517228332	0	21	55	36	226
1517228396	0	32	55	49	542
1517228406	0	25	0	44	414
1517228458	0	32	55	48	228
1517228467	0	28	58	50	114
1517228471	0	25	0	45	729
1517228481	0	33	1	50	228
1517228494	0	24	28	44	727
1517228525	0	25	0	45	413
1517228541	0	28	58	51	800
1517228547	0	33	1	54	227
1517228559	0	24	28	44	413
1517228579	0	37	54	36	229
1517228601	0	24	28	44	415
1517228612	0	33	0	58	226
1517228620	0	28	58	51	799
1517228641	0	29	0	51	800
1517228646	0	32	55	58	227
1517228654	0	24	28	44	415
1517228662	0	28	58	51	798
1517228672	0	33	1	58	225
1517228678	0	25	0	44	413
1517228705	0	21	55	37	226
1517228716	0	28	58	51	800
1517228730	0	33	1	56	227
1517228740	0	25	0	44	413
1517228746	0	29	1	43	799
1517228763	0	32	55	58	227
1517228769	0	28	58	51	801
1517228793	0	25	0	45	413
1517228801	0	33	1	56	228
1517228816	0	24	28	44	414
1517228831	0	32	55	58	227
1517228837	0	28	58	49	800
1517228842	0	25	0	44	416
1517228855	0	33	1	58	227
1517228884	0	32	55	50	218
1517228891	0	25	0	41	398
1517228905	0	28	58	51	789
1517228914	0	33	1	58	226
1517228925	0	29	1	49	801
1517228934	0	32	55	54	227
1517228955	0	25	0	44	416
1517228979	0	24	28	44	417
1517229023	0	33	0	46	212
1517229087	0	28	58	49	802
1517229115	0	25	1	45	416
1517229135	0	24	28	44	415
1517229143	0	33	1	56	228
1517229149	0	28	58	51	804
1517229157	0	25	0	46	419
1517229176	0	32	55	56	226
1517229207	0	33	1	56	224
1517229216	0	28	58	51	802
1517229247	0	32	55	54	225
1517229251	0	29	1	51	800
1517229257	0	24	28	45	414
1517229271	0	33	1	56	228
1517229284	0	25	0	45	415
1517229294	0	32	55	58	226
1517229299	0	29	1	51	803
1517229326	0	28	58	51	800
1517229346	0	32	55	56	225
1517229358	0	29	0	49	804
1517229377	0	24	28	45	704
1517229420	0	32	55	54	229
1517229432	0	24	28	45	419
1517229444	0	28	58	51	806
1517229452	0	25	0	45	701
1517229456	0	33	0	54	510
1517229480	0	24	28	45	418
1517229495	0	32	55	56	228
1517229500	0	28	58	51	806
1517229513	0	25	0	45	418
1517229522	0	29	1	51	804
1517229559	0	32	55	56	227
1517229587	0	33	1	56	225
1517229601	0	28	58	51	805
1517229615	0	24	28	44	420
1517229623	0	32	55	56	229
1517229631	0	29	1	51	806
1517229642	0	25	0	45	418
1517229682	0	32	55	58	226
1517229701	0	25	0	46	420
1517229721	0	33	1	62	229
1517229734	0	28	58	53	806
1517229743	0	32	55	56	230
1517229756	0	25	0	45	422
1517229760	0	29	1	53	808
1517229833	0	25	0	44	421
1517229847	0	33	1	58	225
1517229850	0	28	58	55	805
1517229866	0	24	28	44	421
1517229871	0	32	55	54	226
1517229912	0	28	58	55	806
1517229958	0	33	1	50	230
1517229965	0	25	0	45	423
1517229969	0	28	58	55	809
1517229979	0	32	55	54	227
1517230018	0	33	1	50	230
1517230022	0	28	58	57	810
1517230028	0	25	0	45	425
1517230042	0	32	55	52	230
1517230048	0	29	1	57	810
1517230065	0	24	28	45	424
1517230072	0	28	58	57	808
1517230112	0	29	1	59	808
1517230119	0	33	1	50	229
1517230143	0	28	58	57	809
1517230159	0	32	55	46	229
1517230214	0	25	0	45	423
1517230268	0	25	0	45	425
1517230277	0	32	55	46	228
1517230281	0	28	58	57	809
1517230300	0	24	28	45	424
1517230312	0	29	1	56	65
1517230327	0	25	0	45	679
1517230366	0	24	28	44	422
1517230374	0	29	1	55	812
1517230379	0	33	1	44	232
1517230397	0	25	0	45	427
1517230421	0	24	28	45	424
1517230552	0	32	55	40	211
1517230565	0	25	0	46	430
1517230580	0	33	1	48	233
1517230690	0	33	1	48	233
1517230703	0	25	0	46	428
1517230708	0	29	0	59	815
1517230722	0	32	55	46	232
1517230745	0	28	58	57	815
1517230756	0	33	1	50	235
1517230769	0	24	28	46	431
1517230781	0	29	1	57	815
1517230818	0	33	1	40	217
1517230834	0	24	28	46	432
1517230860	0	33	1	52	237
1517230868	0	25	0	46	435
1517230987	0	25	0	46	435
1517230997	0	33	1	48	234
1517231011	0	29	1	57	822
1517231024	0	24	28	46	435
1517231043	0	28	58	57	820
1517231047	0	25	0	45	434
1517231052	0	33	1	50	235
1517231074	0	29	1	57	820
1517231080	0	24	28	45	435
1517231107	0	28	58	57	821
1517231117	0	25	1	46	431
1517231125	0	33	0	48	236
1517231130	0	29	1	57	821
1517231137	0	24	28	45	435
1517231161	0	28	58	57	822
1517231173	0	33	1	48	235
1517231196	0	29	1	59	821
1517231235	0	33	1	50	234
1517231250	0	25	0	46	434
1517231259	0	32	55	50	236
1517231279	0	24	28	45	437
1517231284	0	33	1	48	239
1517231309	0	29	1	57	823
1517231398	0	24	28	44	436
1517231406	0	33	1	53	587
1517231425	0	25	0	45	436
1517231467	0	33	1	51	584
1517231478	0	25	0	46	436
1517231483	0	28	58	55	825
1517231531	0	33	1	51	583
1517231537	0	25	0	45	783
1517231551	0	28	58	57	825
1517231578	0	24	28	45	440
1517231587	0	29	1	57	826
1517231596	0	33	1	52	236
1517231609	0	25	0	46	440
1517231615	0	28	58	57	826
1517231620	0	32	55	52	241
1517231641	0	33	1	52	239
1517231674	0	28	58	55	825
1517231700	0	24	28	45	442
1517231720	0	28	58	55	824
1517231727	0	32	55	50	239
1517231737	0	25	0	46	442
1517231759	0	33	1	48	242
1517231770	0	24	28	45	443
1517231780	0	28	58	55	824
1517231790	0	32	55	50	241
1517231795	0	25	0	46	441
1517231827	0	24	28	45	441
1517231836	0	28	58	55	826
1517231847	0	32	55	50	240
1517231855	0	25	0	45	441
1517231861	0	29	1	55	828
1517231894	0	24	28	45	439
1517231899	0	28	58	55	826
1517231907	0	32	55	50	240
1517231916	0	25	0	46	443
1517231939	0	29	1	55	830
1517231959	0	32	55	52	239
1517231965	0	25	0	45	441
1517232002	0	24	28	45	441
1517232014	0	32	55	54	236
1517232022	0	28	58	57	826
1517232029	0	25	0	46	441
1517232046	0	33	1	54	242
1517232074	0	25	0	45	440
1517232136	0	25	1	38	440
1517232156	0	24	31	38	442
1517232162	0	29	1	53	829
1517232178	0	25	0	38	445
1517232192	0	32	54	37	237
1517232201	0	28	58	51	830
1517232204	0	24	31	38	445
1517232214	0	33	1	37	240
1517232222	0	29	1	53	830
1517232249	0	32	54	37	241
1517232256	0	28	58	55	827
1517232262	0	24	31	39	444
1517232301	0	28	58	51	827
1517232308	0	32	54	37	238
1517232326	0	24	31	38	445
1517232363	0	25	0	38	444
1517232375	0	28	58	53	827
1517232398	0	24	31	38	444
1517232402	0	29	1	53	829
1517232425	0	25	1	38	443
1517232433	0	32	54	37	236
1517232453	0	33	1	38	240
1517232463	0	24	31	38	445
1517232488	0	32	54	37	238
1517232496	0	25	0	38	441
1517232500	0	28	58	59	827
1517232511	0	33	1	38	237
1517232548	0	32	54	38	556
1517232559	0	25	0	37	443
1517232570	0	28	58	58	148
1517232576	0	33	1	37	555
1517232663	0	25	0	36	449
1517232677	0	32	54	35	239
1517232706	0	33	1	35	241
1517232724	0	28	58	55	835
1517232731	0	25	0	36	756
1517232802	0	29	1	57	831
1517232821	0	33	1	35	240
1517232842	0	32	54	35	240
1517232848	0	29	1	55	833
1517232859	0	25	0	36	443
1517232865	0	33	1	35	239
1517232908	0	29	1	55	833
1517232916	0	33	1	35	236
1517232927	0	25	1	35	448
1517232933	0	28	58	55	834
1517232942	0	32	54	35	241
1517232957	0	29	1	55	834
1517232973	0	25	0	36	445
1517232978	0	33	1	36	239
1517232998	0	32	54	36	242
1517233019	0	33	1	35	243
1517233032	0	28	58	47	833
1517233052	0	29	1	47	835
1517237855	0	29	1	55	876
1517237891	0	32	54	37	264
1517237972	0	24	31	37	488
1517237999	0	25	0	37	484
1517238005	0	32	54	36	247
1517238032	0	24	31	37	490
1517238070	0	25	0	37	491
1517238075	0	33	1	37	262
1517238101	0	32	54	37	642
1517238123	0	33	1	37	642
1517238164	0	32	54	37	259
1517238178	0	24	31	37	487
1517238215	0	25	0	37	493
1517238235	0	32	54	37	638
1517238240	0	29	1	54	378
1517238250	0	24	31	37	492
1517238274	0	28	58	55	878
1517238282	0	25	0	37	493
1517238291	0	32	54	37	637
1517238299	0	29	1	54	254
1517238312	0	33	1	37	264
1517238344	0	29	1	55	879
1517238351	0	32	54	37	255
1517238360	0	25	0	37	486
1517238417	0	25	0	38	488
1517238422	0	32	54	37	263
1517238476	0	32	54	37	260
1517238489	0	29	1	57	881
1517238537	0	32	54	37	261
1517238555	0	25	0	37	494
1517238584	0	24	31	37	494
1517238592	0	29	1	57	878
1517238598	0	32	54	38	262
1517238616	0	28	58	55	870
1517238640	0	29	1	55	871
1517238654	0	24	31	37	481
1517238695	0	29	1	55	882
1517238704	0	33	1	38	266
1517238779	0	33	1	38	263
1517238786	0	24	31	37	496
1517238791	0	28	58	55	883
1517238831	0	33	1	38	264
1517238838	0	24	31	37	497
1517238850	0	28	58	55	884
1517238881	0	29	1	55	883
1517238895	0	24	31	37	496
1517238902	0	33	1	38	265
1517238916	0	28	58	55	872
1517238965	0	33	1	38	264
1517239052	0	29	1	55	885
1517239061	0	24	31	37	498
1517239076	0	33	1	37	265
1517239083	0	28	58	55	883
1517239114	0	29	1	57	884
1517239134	0	33	1	38	249
1517239138	0	28	58	57	869
1517239181	0	24	31	38	848
1517239185	0	33	1	37	614
1517239191	0	28	58	56	234
1517239207	0	32	54	38	613
1517239246	0	33	1	37	267
1517239301	0	33	1	38	267
1517239306	0	28	58	57	888
1517239323	0	25	0	37	501
1517239327	0	29	1	57	887
1517239333	0	32	54	38	268
1517239359	0	33	1	37	267
1517239368	0	25	0	37	487
1517239374	0	29	1	55	869
1517239386	0	32	54	37	249
1517239416	0	25	0	37	487
1517239425	0	33	1	37	252
1517239430	0	29	1	57	874
1517239482	0	33	1	37	254
1517239489	0	25	0	37	489
1517239495	0	29	1	57	872
1517239515	0	24	31	38	500
1517239541	0	29	1	55	887
1517239547	0	25	0	37	501
1517239553	0	33	1	37	248
1517239566	0	28	58	59	889
1517239576	0	24	31	38	504
1517239590	0	29	1	57	890
1517239601	0	33	1	37	269
1517239610	0	28	58	57	891
1517239622	0	32	54	39	266
1517239664	0	25	0	38	504
1517239674	0	32	54	38	266
1517239692	0	24	31	38	503
1517239714	0	33	1	38	268
1517239723	0	25	0	37	504
1517239737	0	32	54	38	267
1517239740	0	28	58	55	891
1517239752	0	24	31	38	504
1517239772	0	29	1	55	890
1517239791	0	25	0	38	505
1517239794	0	28	58	57	898
1517239799	0	32	54	37	269
1517239848	0	25	0	37	504
1517239862	0	28	58	55	890
1517239875	0	32	54	38	266
1517239898	0	33	1	39	266
1517239908	0	25	0	38	504
1517239954	0	33	1	38	266
1517239969	0	28	58	55	891
1517239973	0	25	0	38	504
1517239985	0	32	54	38	267
1517240013	0	24	31	37	505
1517240032	0	28	58	57	890
1517240036	0	25	0	38	503
1517240047	0	32	54	38	267
1517240159	0	32	54	38	267
1517240164	0	28	58	55	890
1517240190	0	29	0	55	892
1517240199	0	24	31	38	505
1517240203	0	32	54	38	266
1517240224	0	25	0	38	505
1517240263	0	32	54	38	267
1517240286	0	28	58	56	210
1517240315	0	29	1	58	209
1517240340	0	28	58	57	895
1517240383	0	24	31	38	510
1517240397	0	28	58	59	895
1517240437	0	33	1	37	269
1517240455	0	28	58	59	893
1517240460	0	32	54	38	268
1517240468	0	25	0	38	509
1517240491	0	24	31	38	509
1517240509	0	28	58	59	896
1517240513	0	25	0	38	509
1517240518	0	32	54	38	271
1517240568	0	25	0	38	511
1517240588	0	24	31	38	512
1517240625	0	25	1	38	511
1517240642	0	28	58	59	892
1517240672	0	25	0	38	506
1517240692	0	24	31	38	505
1517240709	0	28	58	59	893
1517240715	0	32	54	38	265
1517240738	0	33	1	38	265
1517240752	0	24	31	38	504
1517240763	0	28	58	59	893
1517240775	0	32	54	39	265
1517240796	0	33	1	38	267
1517240821	0	24	31	38	505
1517240827	0	28	58	59	892
1517240877	0	24	31	38	506
1517240882	0	32	54	38	267
1517240890	0	28	58	59	895
1517240913	0	25	0	38	509
1517240926	0	29	1	59	895
1517240937	0	24	31	39	506
1517240941	0	32	54	38	267
1517240971	0	25	1	38	507
1517240976	0	33	1	38	266
1517240985	0	29	1	59	894
1517241037	0	33	1	38	265
1517241050	0	24	31	38	509
1517241054	0	29	1	59	894
1517241070	0	25	0	39	510
1517241076	0	32	54	38	266
1517241091	0	24	31	38	509
1517241105	0	29	1	59	895
1517241110	0	33	1	38	268
1517241114	0	25	0	38	508
1517241133	0	28	58	59	897
1517241154	0	24	31	39	508
1517241159	0	29	1	61	896
1517241174	0	33	1	38	267
1517241183	0	25	0	38	510
1517241212	0	32	54	38	268
1517241225	0	29	1	59	899
1517241235	0	33	1	38	269
1517241245	0	28	58	57	897
1517241292	0	28	58	57	899
1517241316	0	24	31	38	513
1517241346	0	25	0	38	509
1517241351	0	28	58	59	899
1517241360	0	33	1	38	270
1517241373	0	29	1	57	897
1517241463	0	33	0	38	269
1517241472	0	25	0	38	513
1517241476	0	28	58	57	899
1517241521	0	28	58	58	185
1517241532	0	33	1	38	554
1517241537	0	25	0	39	798
1517241551	0	29	1	57	903
1517241573	0	32	54	38	275
1517241588	0	25	0	38	518
1517241598	0	33	1	38	274
1517241632	0	32	54	38	271
1517241662	0	33	1	38	271
1517241670	0	24	31	38	516
1517241699	0	32	54	38	274
1517241704	0	25	0	38	514
1517241717	0	28	58	57	905
1517241730	0	24	31	38	518
1517241753	0	32	54	38	272
1517241767	0	25	0	38	517
1517241809	0	25	0	37	518
1517241841	0	24	31	38	517
1517241846	0	28	58	55	904
1517241877	0	29	1	57	904
1517241888	0	33	1	38	273
1517241904	0	24	31	38	519
1517241932	0	29	1	55	904
1517241939	0	25	1	38	518
1517241949	0	33	1	38	273
1517241964	0	24	31	39	520
1517241971	0	28	58	53	905
1517242000	0	25	0	39	518
1517242010	0	29	1	55	906
1517242019	0	33	1	38	273
1517242031	0	24	31	38	519
1517242035	0	28	58	55	906
1517242056	0	25	0	39	519
1517242069	0	29	1	55	905
1517242081	0	33	1	38	275
1517242090	0	28	58	55	909
1517242140	0	33	1	38	275
1517242154	0	28	58	55	906
1517242192	0	24	31	38	520
1517242314	0	33	1	38	273
1517242321	0	29	1	53	907
1517242330	0	24	31	38	521
1517242353	0	25	0	38	520
1517242389	0	24	31	38	520
1517242416	0	25	1	38	521
1517242423	0	32	54	38	273
1517242438	0	24	31	38	521
1517242445	0	29	1	55	907
1517242455	0	33	0	38	273
1517242472	0	28	58	53	907
1517242489	0	32	54	38	273
1517242542	0	28	58	54	162
1517242569	0	29	1	54	165
1517242594	0	28	58	55	907
1517242606	0	24	31	38	520
1517242610	0	32	54	38	273
1517242622	0	29	1	56	163
1517242656	0	28	58	54	161
1517242673	0	24	31	38	488
1517242679	0	29	1	57	876
1517242694	0	25	0	38	521
1517242727	0	24	31	37	522
1517242735	0	32	54	38	273
1517242738	0	29	1	55	910
1517242773	0	33	1	38	272
1517242777	0	28	58	55	908
1517242786	0	24	31	38	520
1517242812	0	32	54	37	253
1517242836	0	33	1	37	270
1517242845	0	28	58	57	908
1517242861	0	32	54	38	271
1517242867	0	25	1	38	520
1517242896	0	24	31	38	521
1517242901	0	33	1	38	273
1517242909	0	28	58	59	910
1517242920	0	25	1	38	524
1517242925	0	32	54	38	271
1517242934	0	29	1	59	910
1517242957	0	24	31	37	493
1517242981	0	25	0	38	521
1517243044	0	32	54	38	273
1517243078	0	33	1	38	274
1517243094	0	28	58	59	909
1517243101	0	25	0	38	523
1517243109	0	32	54	38	273
1517243160	0	32	54	37	272
1517243174	0	28	58	59	910
1517243221	0	32	54	38	273
1517243260	0	29	1	59	913
1517243270	0	24	31	38	525
1517243285	0	32	54	38	273
1517243288	0	28	58	59	912
1517243295	0	25	0	37	524
1517243377	0	33	1	37	272
1517243402	0	28	58	57	875
1517243439	0	29	1	59	910
1517243462	0	28	58	59	910
1517243474	0	32	54	38	270
1517243513	0	33	1	38	270
1517243518	0	24	31	38	523
1517243522	0	28	58	59	909
1517243639	0	33	1	38	269
1517243643	0	28	58	59	912
1517243649	0	24	31	38	526
1517243677	0	32	54	38	273
1517243686	0	25	0	37	526
1517243695	0	28	58	59	915
1517243703	0	33	1	38	274
1517243712	0	24	31	38	529
1517243740	0	25	0	37	29
1517243751	0	28	58	58	137
1517243773	0	24	31	38	531
1517243797	0	25	0	38	499
1517243814	0	32	54	38	275
1517243821	0	28	58	59	915
1517243833	0	24	31	38	530
1517243857	0	25	0	38	530
1517243864	0	32	54	38	275
1517243879	0	24	31	38	531
1517243888	0	28	58	61	917
1517243896	0	33	1	38	276
1517243927	0	29	0	61	915
1517243974	0	33	1	38	277
1517243978	0	24	31	38	532
1517244010	0	32	54	37	230
1517244034	0	24	31	37	530
1517244038	0	28	58	61	918
1517244048	0	33	1	38	275
1517244094	0	28	58	61	918
1517244100	0	33	1	38	277
1517244107	0	24	31	38	531
1517244115	0	29	1	61	917
1517244121	0	32	54	38	275
1517244154	0	33	1	38	276
1517244175	0	29	1	61	919
1517244180	0	24	31	38	532
1517244192	0	32	54	37	278
1517244243	0	32	54	38	274
1517244272	0	25	1	38	532
1517244307	0	33	1	37	278
1517244333	0	25	0	37	533
1517244338	0	29	1	61	921
1517244347	0	32	54	38	277
1517244358	0	24	31	38	532
1517244364	0	28	58	57	920
1517244390	0	25	0	37	533
1517244408	0	32	54	37	276
1517244419	0	24	31	38	533
1517244472	0	28	58	55	922
1517244478	0	32	54	38	280
1517244489	0	24	31	38	534
1517244512	0	25	0	37	535
1517244530	0	28	58	55	924
1517244540	0	24	31	37	536
1517244546	0	32	54	38	278
1517244580	0	33	1	38	280
1517244587	0	28	58	57	922
1517244604	0	24	31	37	535
1517244642	0	25	0	37	533
1517244652	0	33	1	38	277
1517244694	0	28	58	55	922
1517244699	0	25	0	38	535
1517244716	0	33	1	38	278
1517244753	0	28	58	56	115
1517244769	0	33	1	38	469
1517244781	0	29	1	55	925
1517244794	0	24	31	38	726
1517244810	0	32	54	38	282
1517244818	0	28	58	54	116
1517244830	0	25	0	37	538
1517244840	0	33	1	38	281
1517244884	0	33	1	39	280
1517244894	0	28	58	61	925
1517244901	0	25	0	38	537
1517244939	0	33	1	38	281
1517244948	0	28	58	59	926
1517244968	0	32	54	38	282
1517244974	0	25	0	38	537
1517245008	0	33	1	38	280
1517245011	0	24	31	38	538
1517245055	0	33	1	38	279
1517245090	0	32	54	37	281
1517245124	0	33	1	37	280
1517245135	0	28	58	59	925
1517245149	0	32	54	37	282
1517245153	0	25	0	38	540
1517245184	0	28	58	61	927
1517245192	0	24	31	38	539
1517245200	0	32	54	36	281
1517245208	0	29	1	56	104
1517245299	0	28	58	61	927
1517245304	0	32	54	38	279
1517245311	0	24	31	38	541
1517245332	0	33	1	38	276
1517245361	0	24	31	37	540
1517245367	0	32	54	37	280
1517245371	0	28	58	59	926
1517245388	0	25	0	38	541
1517245418	0	28	58	61	929
1517245426	0	24	31	37	539
1517245430	0	32	54	38	279
1517245449	0	29	1	61	927
1517245482	0	28	58	61	928
1517245510	0	29	1	59	927
1517245529	0	25	0	38	535
1517245577	0	33	1	37	278
1517245598	0	25	1	37	540
1517245651	0	33	1	37	282
1517245668	0	29	1	59	931
1517245673	0	25	0	37	542
1517245680	0	32	54	38	282
1517245736	0	25	1	37	538
1517245772	0	24	31	37	540
1517245787	0	32	54	38	278
1517245797	0	29	1	61	927
1517245854	0	25	0	37	541
1517245863	0	33	1	37	276
1517245866	0	29	0	61	925
1517245900	0	32	54	37	255
1517245903	0	25	0	37	703
1517245933	0	33	1	37	253
1517245936	0	24	31	37	515
1517245973	0	28	58	61	931
1517245992	0	33	1	38	440
1517246012	0	29	1	60	89
1517246024	0	32	54	37	440
1517246033	0	25	0	38	538
1517246036	0	28	58	59	932
1517246051	0	33	1	37	282
1517246055	0	24	31	37	545
1517246094	0	28	58	59	931
1517246149	0	25	1	37	544
1517246153	0	32	54	38	279
1517246212	0	32	54	38	281
1517246260	0	24	31	37	544
1517246267	0	28	58	59	931
1517246295	0	25	1	37	545
1517246316	0	24	31	38	546
1517246327	0	28	58	59	933
1517246335	0	32	54	37	280
1517246345	0	25	1	38	544
1517246375	0	33	1	37	252
1517246404	0	28	58	59	936
1517246410	0	25	0	38	549
1517246415	0	32	54	38	282
1517246439	0	24	31	38	548
1517246455	0	28	58	55	935
1517246460	0	32	54	38	284
1517246494	0	33	1	38	284
1517246506	0	28	58	55	936
1517246510	0	24	31	38	551
1517246558	0	33	1	38	285
1517246564	0	28	58	57	937
1517246622	0	28	58	55	938
1517246631	0	32	54	39	282
1517246656	0	33	1	38	283
1517246695	0	24	31	38	550
1517246702	0	29	1	57	937
1517246760	0	33	1	38	285
1517246798	0	32	54	38	286
1517246811	0	24	31	38	551
1517246816	0	29	1	57	939
1517246826	0	33	1	39	413
1517246833	0	25	1	38	551
1517246857	0	32	54	38	413
1517246862	0	29	1	56	68
1517246866	0	24	31	37	680
1517246885	0	28	58	57	938
1517246895	0	33	1	37	412
1517246922	0	29	1	57	941
1517246943	0	28	58	57	941
1517246956	0	25	0	37	554
1517246980	0	24	31	37	553
1517246988	0	32	54	38	287
1517247014	0	25	1	37	525
1517247046	0	32	54	38	288
1517247072	0	33	1	38	288
1517247119	0	28	58	59	944
1517247131	0	25	0	38	556
1517247137	0	33	1	37	288
1517247149	0	29	1	59	942
1517247171	0	32	54	37	287
1517247215	0	24	31	37	555
1517247227	0	32	54	37	284
1517247231	0	28	58	61	944
1517247251	0	25	0	38	556
1517247286	0	28	58	59	944
1517247291	0	24	31	38	559
1517247296	0	32	54	37	290
1517247314	0	25	0	37	555
1517247352	0	24	31	37	559
1517247356	0	28	58	57	947
1517247375	0	25	0	37	670
1517247390	0	33	1	37	400
1517247395	0	29	1	56	58
1517247434	0	25	1	38	556
1517247480	0	32	54	37	287
1517247492	0	29	1	61	944
1517247519	0	33	1	37	289
1517247524	0	28	58	59	945
1517247529	0	24	31	37	558
1517247551	0	32	54	37	289
1517247595	0	28	58	61	942
1517247651	0	28	58	61	941
1517247663	0	32	54	38	288
1517247667	0	24	31	37	557
1517247698	0	33	1	38	287
1517247712	0	28	58	61	943
1517247719	0	24	31	37	556
1517247726	0	32	54	38	286
1517247752	0	25	1	37	557
1517247761	0	33	1	38	289
1517247779	0	28	58	61	945
1517247817	0	33	1	38	286
1517247822	0	25	0	38	556
1517247827	0	28	58	59	944
1517247887	0	28	58	61	944
1517247939	0	25	1	38	658
1517247954	0	32	54	38	286
1517247994	0	28	58	57	949
1517248002	0	25	0	37	560
1517248016	0	32	54	38	290
1517248022	0	29	0	57	950
1517248028	0	24	31	37	562
1517248073	0	32	54	38	291
1517248078	0	24	31	37	563
1517248092	0	29	1	57	950
1517248114	0	28	58	57	952
1517248129	0	24	31	38	564
1517248156	0	25	1	38	564
1517248181	0	24	31	38	563
1517248193	0	29	1	57	952
1517248201	0	25	1	37	565
1517248211	0	32	54	37	294
1517248216	0	28	58	57	955
1517248234	0	24	31	38	563
1517248244	0	29	1	57	952
1517248251	0	33	1	38	293
1517248296	0	24	31	38	565
1517248304	0	33	1	37	290
1517248307	0	29	1	57	951
1517248325	0	32	54	37	295
1517248357	0	24	31	37	567
1517248377	0	25	1	37	566
1517248388	0	28	58	57	955
1517248432	0	28	58	57	953
1517248437	0	33	1	38	292
1517248443	0	25	0	37	565
1517248482	0	24	31	37	560
1517248494	0	28	58	59	948
1517248503	0	33	1	38	289
1517248508	0	25	1	37	563
1517248516	0	29	1	59	949
1517248564	0	29	1	59	950
1517248577	0	33	1	38	290
1517248601	0	32	54	38	290
1517248637	0	33	0	37	288
1517248682	0	29	1	57	951
1517248696	0	33	1	37	292
1517248713	0	28	58	59	957
1517248719	0	32	54	37	295
1517248752	0	29	1	59	955
1517248780	0	32	54	38	293
1517248790	0	28	58	59	955
1517248802	0	25	1	36	534
1517248807	0	33	1	36	259
1517248816	0	29	1	57	919
1517248842	0	32	54	38	291
1517248852	0	28	58	59	957
1517248860	0	25	0	38	570
1517248867	0	33	1	38	292
1517248981	0	25	0	37	568
1517248992	0	29	1	57	957
1517249024	0	28	58	57	957
1517249033	0	33	1	37	293
1517249041	0	25	0	37	570
1517249073	0	32	54	38	291
1517249083	0	25	1	37	569
1517249090	0	28	58	57	958
1517249098	0	33	1	37	293
1517249132	0	32	54	37	292
1517249220	0	33	1	37	294
1517249255	0	29	1	55	958
1517249265	0	33	1	37	294
1517249321	0	24	31	38	571
1517249337	0	33	1	37	294
1517249349	0	25	0	38	572
1517249380	0	24	31	37	571
1517249396	0	33	1	36	295
1517249436	0	24	31	38	570
1517249460	0	33	1	37	296
1517249468	0	25	0	37	573
1517249502	0	33	1	37	296
1517249558	0	33	1	36	297
1517249564	0	24	31	37	572
1517249585	0	32	54	37	294
1517249592	0	25	0	37	572
1517249679	0	29	1	59	959
1517249706	0	28	58	61	961
1517249753	0	32	54	38	295
1517249759	0	25	0	37	574
1517249768	0	28	58	59	960
1517249863	0	32	54	37	331
1517249874	0	25	1	38	609
1517249885	0	28	58	59	965
1517249895	0	24	31	37	576
1517249915	0	25	1	38	609
1517249931	0	32	54	38	299
1517249951	0	24	31	38	576
1517249973	0	25	0	37	576
1517249989	0	32	54	38	296
1517250008	0	33	1	37	327
1517250045	0	28	58	57	963
1517250059	0	25	0	37	575
1517250097	0	24	31	38	577
1517250108	0	28	58	57	965
1517250117	0	25	0	38	575
1517250122	0	33	1	38	295
1517250162	0	32	54	37	298
1517250166	0	25	1	38	578
1517250188	0	28	58	57	968
1517250218	0	29	1	57	968
1517250248	0	28	58	59	968
1517250255	0	24	31	37	575
1517250277	0	29	1	59	964
1517250286	0	25	1	38	578
1517250301	0	32	54	38	297
1517250305	0	28	58	57	966
1517250313	0	24	31	38	578
1517250340	0	29	1	57	969
1517250355	0	32	54	38	294
1517250364	0	24	31	37	577
1517250369	0	28	58	57	967
1517250393	0	29	1	59	966
1517250416	0	24	31	38	576
1517250421	0	32	54	38	293
1517250433	0	28	58	57	966
1517250453	0	25	1	37	574
1517250476	0	24	31	38	574
1517250518	0	24	31	37	576
1517250538	0	28	58	57	967
1517250543	0	25	1	37	578
1517250581	0	33	1	38	296
1517250652	0	33	1	37	294
1517250710	0	33	1	37	294
1517250717	0	25	1	37	578
1517250725	0	28	58	57	966
1517250762	0	29	1	57	964
1517250775	0	33	1	37	297
1517250778	0	25	0	37	581
1517250795	0	28	58	57	965
1517250832	0	29	1	55	962
1517250838	0	25	0	37	575
1517250850	0	33	1	38	294
1517250875	0	24	31	37	575
1517250880	0	32	54	37	292
1517250903	0	33	1	37	295
1517250958	0	25	1	37	577
1517250993	0	24	31	37	580
1517251001	0	29	1	55	969
1517251012	0	33	1	37	238
1517251076	0	28	58	61	968
1517251141	0	28	58	59	967
1517251154	0	32	54	37	295
1517251185	0	33	1	38	299
1517251191	0	24	31	37	584
1517251200	0	28	58	59	973
1517251215	0	32	54	38	293
1517251241	0	33	1	37	295
1517251257	0	24	31	37	585
1517251265	0	28	58	63	973
1517251297	0	29	1	59	974
1517251316	0	24	31	37	579
1517251332	0	28	58	59	968
1517251372	0	29	1	61	972
1517251389	0	24	31	36	584
1517251415	0	25	1	37	585
1517251442	0	24	31	37	579
1517251454	0	32	54	38	295
1517251483	0	33	1	38	298
1517251500	0	24	31	37	583
1517251536	0	25	1	37	582
1517251556	0	33	1	38	300
1517251565	0	24	31	38	585
1517251605	0	25	0	37	585
1517251621	0	33	1	38	296
1517251653	0	29	1	55	972
1517251664	0	25	0	38	584
1517251677	0	33	1	37	300
1517251686	0	28	58	59	975
1517251694	0	24	31	38	586
1517251728	0	25	0	38	585
1517251732	0	33	1	36	298
1517251745	0	28	58	57	972
1517251751	0	24	31	37	586
1517251777	0	33	1	36	298
1517251782	0	25	0	38	584
1517251800	0	32	54	36	299
1517251807	0	28	58	57	975
1517251811	0	24	31	37	585
1517251833	0	29	1	57	974
1517251846	0	25	0	37	589
1517251855	0	28	58	57	979
1517251862	0	32	54	37	301
1517251902	0	33	1	36	298
1517251909	0	25	1	37	586
1517251919	0	28	58	57	978
1517251929	0	32	54	37	303
1517251965	0	33	1	37	300
1517251971	0	28	58	57	976
1517251981	0	25	1	37	588
1517251985	0	32	54	37	300
1517251991	0	29	1	57	982
1517252080	0	24	31	37	592
1517252100	0	32	54	37	304
1517252111	0	29	1	59	977
1517252134	0	33	1	37	302
1517252170	0	32	54	36	302
1517252207	0	24	31	37	589
1517252258	0	33	1	37	303
1517252275	0	24	31	38	593
1517252315	0	33	1	37	302
1517252331	0	29	1	61	980
1517252340	0	24	31	37	592
1517252350	0	32	54	37	302
1517252356	0	28	58	59	982
1517252380	0	33	1	37	307
1517252383	0	29	1	59	982
1517252391	0	24	31	36	593
1517252400	0	32	54	36	304
1517252410	0	28	58	59	942
1517252436	0	29	1	59	980
1517252456	0	32	54	37	299
1517252499	0	29	1	59	983
1517252511	0	24	31	37	593
1517252556	0	33	1	37	304
1517252593	0	32	54	37	301
1517252616	0	33	1	37	302
1517252627	0	24	31	37	595
1517252633	0	28	58	57	981
1517252647	0	32	54	37	302
1517252651	0	25	1	37	594
1517252679	0	24	31	36	590
1517252690	0	28	58	57	980
1517252741	0	24	31	37	592
1517252751	0	33	1	38	302
1517252758	0	28	58	57	983
1517252818	0	33	1	37	306
1517252880	0	28	58	57	985
1517252884	0	24	31	37	598
1517252893	0	33	1	38	300
1517252943	0	24	31	37	593
1517253006	0	24	31	37	594
1517253010	0	33	1	38	303
1517253065	0	29	1	55	987
1517253095	0	32	54	38	303
1517253108	0	29	1	55	985
1517253125	0	24	31	37	594
1517253134	0	33	1	37	301
1517253161	0	32	54	37	246
1517253172	0	28	58	57	988
1517253182	0	24	31	37	539
1517253191	0	33	1	38	245
1517253292	0	24	31	37	600
1517253337	0	28	58	55	985
1517253343	0	32	54	37	305
1517253350	0	24	31	37	600
1517253412	0	24	31	37	598
1517253416	0	29	1	55	987
1517253426	0	33	1	37	304
1517253479	0	33	1	37	305
1517253496	0	29	1	55	989
1517253515	0	32	54	38	308
1517253521	0	25	1	37	603
1517253545	0	33	1	37	308
1517253578	0	28	58	55	991
1517253591	0	25	1	37	601
1517253602	0	33	1	38	303
1517253634	0	28	58	59	991
1517253642	0	25	1	37	602
1517253647	0	33	1	37	307
1517253695	0	28	58	59	990
1517253701	0	33	1	38	304
1517253711	0	25	1	37	602
1517253732	0	32	54	38	308
1517253773	0	28	58	59	990
1517253825	0	28	58	61	995
1517253831	0	33	1	37	305
1517253841	0	25	0	37	600
1517253854	0	29	1	61	990
1517253883	0	28	58	59	989
1517253893	0	25	1	37	603
1517253897	0	33	1	38	307
1517253937	0	28	58	59	991
1517254031	0	25	1	37	599
1517254051	0	24	31	36	601
1517254122	0	28	58	55	995
1517254129	0	33	1	37	309
1517254135	0	25	1	37	598
1517254174	0	28	58	57	983
1517254188	0	25	0	37	601
1517254192	0	33	1	37	303
1517254207	0	29	1	53	944
1517254236	0	28	58	57	999
1517254244	0	33	1	37	310
1517254257	0	29	1	57	996
1517254292	0	28	58	55	998
1517254309	0	25	1	37	610
1517254355	0	28	58	57	998
1517254360	0	25	1	37	610
1517254373	0	33	1	38	312
1517254378	0	29	1	54	0
1517254383	0	24	31	37	609
1517254393	0	32	54	38	313
1517254543	0	33	1	37	311
1517254563	0	32	54	38	309
1517254612	0	29	1	57	998
1517254617	0	24	31	38	609
1517254631	0	32	54	38	310
1517254635	0	28	58	59	999
1517254658	0	29	1	58	0
1517254681	0	28	58	58	1
1517254695	0	32	54	38	311
1517254724	0	28	58	58	0
1517254730	0	24	31	37	612
1517254753	0	32	54	38	310
1517254791	0	24	31	37	609
1517254842	0	33	1	38	311
1517254866	0	32	54	38	312
1517254876	0	25	1	37	612
1517254901	0	33	1	37	311
1517254906	0	29	1	58	1
1517254913	0	24	31	37	610
1517254931	0	32	54	37	310
1517254954	0	33	1	37	309
1517254978	0	24	31	37	616
1517254983	0	29	1	58	1
1517254994	0	32	54	37	312
1517255023	0	33	1	37	312
1517255034	0	29	1	58	0
1517255040	0	24	31	37	612
1517255051	0	32	54	38	309
1517255077	0	33	1	38	314
1517255084	0	29	1	58	4
1517255104	0	28	58	58	1
1517255109	0	24	31	37	613
1517255136	0	29	1	59	881
1517255143	0	33	1	37	310
1517255160	0	24	31	37	492
1517255228	0	24	31	37	616
1517255266	0	25	0	37	616
1517255281	0	33	1	38	313
1517255296	0	28	58	58	6
1517255320	0	32	54	37	312
1517255325	0	29	1	58	6
1517255333	0	25	0	37	617
1517255344	0	33	1	37	312
1517255353	0	24	31	37	616
1517255450	0	32	54	38	318
1517255500	0	25	1	37	620
1517255521	0	24	31	37	619
1517255566	0	29	1	58	6
1517255572	0	32	54	37	315
1517255579	0	24	31	37	619
1517255621	0	24	31	37	622
1517255628	0	29	1	58	12
1517255634	0	32	54	38	315
1517255676	0	24	31	37	618
1517255742	0	24	31	37	620
1517255761	0	29	1	56	9
1517255769	0	33	1	37	316
1517255798	0	32	54	37	317
1517255819	0	25	1	37	621
1517255862	0	32	54	37	318
1517255981	0	32	54	36	316
1517255993	0	29	1	56	14
1517256001	0	33	1	37	298
1517256007	0	25	1	37	603
1517256046	0	24	31	37	620
1517256067	0	25	1	37	620
1517256097	0	32	54	37	314
1517256131	0	28	58	59	858
1517256136	0	33	1	37	163
1517256175	0	24	31	37	625
1517256195	0	25	0	37	626
1517256284	0	32	54	38	315
1517256294	0	24	31	37	624
1517256344	0	24	31	37	626
1517256350	0	32	54	37	320
1517256357	0	28	58	56	15
1517256364	0	25	1	37	626
1517256410	0	28	58	56	17
1517256436	0	29	1	58	14
1517256544	0	32	54	38	320
1517256611	0	25	1	37	631
1517256642	0	28	58	58	17
1517256673	0	33	1	38	322
1517256700	0	32	54	38	318
1517256794	0	29	1	55	990
1517256827	0	28	58	50	19
1517256874	0	25	1	37	589
1517256883	0	32	54	37	320
1517256897	0	28	58	56	21
1517256934	0	32	54	37	322
1517256946	0	25	1	37	630
1517256969	0	28	58	54	19
1517256973	0	33	1	37	323
1517257000	0	32	54	36	324
1517257017	0	28	58	56	21
1517257025	0	25	1	37	631
1517257065	0	32	54	37	320
1517257092	0	33	1	37	320
1517257132	0	32	54	37	324
1517257182	0	29	1	55	840
1517257198	0	32	54	37	320
1517257209	0	24	31	37	633
1517257214	0	28	58	58	18
1517257251	0	32	54	37	137
1517257265	0	24	31	37	629
1517257275	0	28	58	58	23
1517257292	0	25	1	37	630
1517257306	0	29	1	59	987
1517257321	0	24	31	37	448
1517257328	0	32	54	37	138
1517257424	0	33	1	38	323
1517257442	0	29	1	58	26
1517257446	0	24	31	37	636
1517257480	0	28	58	56	24
1517257492	0	33	1	38	323
1517257499	0	24	31	37	635
1517257565	0	29	1	58	26
1517257572	0	25	1	37	637
1517257594	0	24	31	37	636
1517257608	0	33	1	37	326
1517257626	0	29	1	54	27
1517257630	0	25	1	37	639
1517257717	0	24	31	38	639
1517257726	0	33	1	38	326
1517257736	0	28	58	58	27
1517257745	0	25	1	37	637
1517257836	0	24	31	37	635
1517257874	0	25	1	36	637
1517257903	0	32	54	37	282
1517257911	0	24	31	36	597
1517257915	0	28	58	59	987
1517257924	0	33	1	37	323
1517257931	0	25	1	37	637
1517257979	0	28	58	56	26
1517258020	0	32	54	38	324
1517258044	0	28	58	58	25
1517258047	0	25	1	37	638
1517258052	0	33	1	38	323
1517258112	0	33	1	38	326
1517258134	0	32	54	38	322
1517258138	0	29	1	58	26
1517258143	0	24	31	37	637
1517258164	0	28	58	56	26
1517258170	0	33	1	38	322
1517258198	0	29	1	56	27
1517258221	0	24	31	37	638
1517258225	0	33	1	38	324
1517258236	0	28	58	58	28
1517258261	0	32	54	37	324
1517258274	0	29	1	58	29
1517258290	0	24	31	37	639
1517258326	0	25	1	37	607
1517258335	0	32	54	38	325
1517258340	0	29	1	57	999
1517258391	0	32	54	37	322
1517258405	0	25	1	37	639
1517258411	0	29	1	59	813
1517258416	0	33	1	36	108
1517258442	0	28	58	58	31
1517258449	0	32	54	37	327
1517258457	0	25	1	37	613
1517258475	0	33	1	34	326
1517258494	0	24	31	34	642
1517258515	0	25	1	36	641
1517258573	0	25	1	37	614
1517258588	0	33	1	38	327
1517258594	0	29	1	58	35
1517258614	0	32	54	37	326
1517258639	0	33	1	37	329
1517258654	0	29	1	58	33
1517258697	0	25	1	37	644
1517258732	0	33	1	37	330
1517258752	0	32	54	37	330
1517258763	0	29	1	54	8
1517258769	0	25	1	37	618
1517258799	0	28	58	52	35
1517258803	0	24	31	37	647
1517258815	0	32	54	35	294
1517258822	0	29	1	52	3
1517258877	0	24	31	35	647
1517258897	0	0	0	0	38
1517258977	0	32	54	38	328
1517258984	0	24	31	37	645
1517259008	0	33	1	37	328
1517259015	0	25	1	37	646
1517259061	0	28	58	54	36
1517259073	0	33	1	38	328
1517259117	0	25	1	37	648
1517259122	0	33	1	38	326
1517259155	0	24	31	37	647
1517259177	0	25	1	37	613
1517259194	0	29	1	52	37
1517259213	0	24	31	37	647
1517259221	0	28	58	54	37
1517259278	0	32	54	38	329
1517259298	0	29	1	56	9
1517259343	0	24	31	38	651
1517259348	0	32	54	38	332
1517259369	0	33	1	37	84
1517259410	0	32	54	38	329
1517259427	0	29	1	59	793
1517259434	0	25	1	37	652
1517259438	0	33	1	38	333
1517259465	0	32	54	38	333
1517259545	0	29	1	58	39
1517259552	0	33	1	38	331
1517259556	0	25	1	37	652
1517259580	0	24	31	37	652
1517259586	0	32	54	38	330
1517259602	0	29	1	58	15
1517259606	0	25	1	37	624
1517259614	0	33	1	37	306
1517259663	0	29	1	58	43
1517259671	0	25	1	37	650
1517259708	0	32	54	38	333
1517259724	0	29	1	60	41
1517259728	0	25	1	37	652
1517259737	0	33	1	38	332
1517259782	0	33	1	38	333
1517259825	0	28	58	58	43
1517259830	0	24	31	37	654
1517259840	0	33	1	38	329
1517259877	0	32	54	38	330
1517259883	0	28	58	58	44
1517259898	0	24	31	37	654
1517259938	0	28	58	58	47
1517259952	0	24	31	37	652
1517259967	0	29	1	58	44
1517260001	0	28	58	58	45
1517260013	0	33	1	38	333
1517260016	0	24	31	37	655
1517260034	0	29	1	58	47
1517260064	0	28	58	58	38
1517260073	0	24	31	37	647
1517260079	0	33	1	38	325
1517260088	0	29	1	58	37
1517260116	0	24	31	37	646
1517260179	0	29	1	56	40
1517260241	0	33	1	38	328
1517260267	0	32	54	38	329
1517260276	0	25	0	37	650
1517260299	0	33	1	38	329
1517260331	0	28	58	58	47
1517260354	0	29	1	56	44
1517260366	0	33	1	38	333
1517260370	0	24	31	37	657
1517260422	0	33	1	38	335
1517260426	0	29	1	58	49
1517260441	0	24	31	37	658
1517260487	0	29	1	58	47
1517260499	0	24	31	37	659
1517260511	0	32	54	38	331
1517260537	0	33	1	38	329
1517260563	0	32	54	38	333
1517260604	0	29	1	58	42
1517260613	0	24	31	37	653
1517260634	0	28	58	58	46
1517260653	0	25	1	37	656
1517260663	0	29	1	56	46
1517260672	0	24	31	37	653
1517260694	0	28	58	58	44
1517260735	0	24	31	37	656
1517260784	0	29	1	58	47
1517260807	0	32	54	38	333
1517260834	0	33	1	37	336
1517260845	0	29	1	58	55
1517260855	0	24	31	37	661
1517260861	0	32	54	38	335
1517260894	0	33	1	39	335
1517260927	0	32	54	38	334
1517260985	0	29	1	58	52
1517260993	0	24	31	37	663
1517261014	0	28	58	58	52
1517261020	0	33	1	37	336
1517261025	0	25	1	37	663
1517261047	0	32	54	37	336
1517261087	0	33	1	37	335
1517261096	0	25	1	37	663
1517261113	0	29	1	58	54
1517261171	0	29	1	58	51
1517261194	0	28	58	58	50
1517261226	0	24	31	37	663
1517261255	0	25	1	37	663
1517261287	0	32	54	37	336
1517261321	0	33	1	38	337
1517261324	0	25	1	37	664
1517261333	0	28	58	58	53
1517261384	0	33	1	37	337
1517261395	0	28	58	56	56
1517261398	0	25	1	36	670
1517261405	0	32	54	37	310
1517261417	0	29	1	56	28
1517261433	0	24	31	37	667
1517261449	0	28	58	56	56
1517261462	0	25	1	37	667
1517261500	0	28	58	58	57
1517261532	0	29	1	58	58
1517261622	0	28	58	58	56
1517261628	0	33	1	38	337
1517261631	0	25	1	37	666
1517261653	0	29	1	58	55
1517261676	0	28	58	58	56
1517261757	0	25	1	37	666
1517261793	0	24	31	37	355
1517261808	0	29	1	56	55
1517261817	0	33	1	38	339
1517261821	0	25	1	37	668
1517261833	0	28	58	58	59
1517261855	0	32	54	38	338
1517261956	0	25	1	37	669
1517261998	0	32	54	38	341
1517262045	0	29	1	56	61
1517262125	0	32	54	37	339
1517262133	0	28	58	58	61
1517262162	0	24	31	37	671
1517262219	0	33	1	37	342
1517262226	0	24	31	37	671
1517262300	0	24	31	38	672
1517262305	0	28	58	54	65
1517262315	0	32	54	37	339
1517262348	0	24	31	37	672
1517262402	0	33	1	37	342
1517262433	0	32	54	37	339
1517262455	0	33	1	38	339
1517262480	0	32	54	37	339
1517262574	0	25	1	37	674
1517262590	0	33	1	38	341
1517262596	0	29	1	56	65
1517262600	0	24	31	37	675
1517262658	0	33	1	39	341
1517262698	0	25	1	37	673
1517262717	0	33	1	38	342
1517262721	0	29	1	54	68
1517262729	0	24	31	37	676
1517262758	0	25	1	37	669
1517262797	0	24	31	1	333
1517262876	0	32	54	38	344
1517262900	0	33	1	37	345
1517262952	0	33	1	38	341
1517262998	0	28	58	58	69
1517263033	0	29	1	58	69
1517263137	0	33	1	37	342
1517263176	0	29	1	58	69
1517263208	0	28	58	56	43
1517263234	0	32	54	38	343
1517263248	0	29	1	58	69
1517263265	0	33	1	38	341
1517263275	0	24	31	37	676
1517263294	0	25	1	37	677
1517263311	0	29	1	58	70
1517263316	0	33	1	38	343
1517263330	0	24	31	37	679
1517263375	0	33	1	38	343
1517263427	0	28	58	58	70
1517263435	0	33	1	38	341
1517263438	0	24	31	37	678
1517263451	0	29	1	56	72
1517263474	0	32	54	38	342
1517263514	0	33	1	39	342
1517263535	0	25	1	37	682
1517263540	0	32	54	38	345
1517263555	0	24	31	37	656
1517263563	0	33	1	37	345
1517263597	0	32	54	38	312
1517263608	0	24	31	37	686
1517263694	0	25	1	37	311
1517263775	0	24	31	37	683
1517263792	0	33	1	38	346
1517263803	0	29	1	58	74
1517263807	0	25	1	37	683
1517263813	0	32	54	38	345
1517263846	0	29	1	56	73
1517263870	0	25	1	37	685
1517263898	0	29	1	56	75
1517263906	0	33	1	38	346
1517263921	0	25	1	37	682
1517263931	0	28	58	56	73
1517263968	0	29	1	54	59
1517263974	0	33	1	37	348
1517263982	0	25	1	37	685
1517263996	0	32	54	38	347
1517264037	0	29	1	58	79
1517264098	0	33	1	38	350
1517264113	0	24	31	38	687
1517264150	0	25	1	37	688
1517264175	0	24	31	37	687
1517264193	0	28	58	58	80
1517264198	0	25	1	37	691
1517264211	0	33	1	38	347
1517264216	0	29	1	56	78
1517264223	0	24	31	37	690
1517264258	0	25	1	37	690
1517264264	0	33	1	38	348
1517264280	0	29	1	58	76
1517264284	0	32	54	38	345
1517264288	0	24	31	37	686
1517264324	0	25	1	37	689
1517264391	0	29	1	58	82
1517264395	0	25	1	37	691
1517264405	0	32	54	38	348
1517264431	0	33	1	38	348
1517264461	0	32	54	37	350
1517264472	0	24	31	37	689
1517264494	0	33	1	38	348
1517264514	0	32	54	38	347
1517264535	0	24	31	38	690
1517264558	0	25	1	37	694
1517264571	0	32	54	38	346
1517264579	0	29	1	58	79
1517264588	0	24	31	37	657
1517264621	0	25	1	37	659
1517264626	0	32	54	35	317
1517264632	0	29	1	56	50
1517264643	0	24	31	37	658
1517264653	0	28	58	58	45
1517264657	0	33	1	38	312
1517264688	0	29	1	59	683
1517264700	0	33	1	38	348
1517264714	0	24	31	37	690
1517264795	0	32	54	37	351
1517264810	0	25	1	37	193
1517264817	0	29	1	58	83
1517264834	0	33	1	34	350
1517264867	0	32	54	38	326
1517264874	0	29	1	54	84
1517264883	0	25	1	37	694
1517264891	0	33	1	38	348
1517264897	0	28	58	54	82
1517264922	0	29	1	54	68
1517264927	0	32	54	36	333
1517264934	0	25	1	37	696
1517264980	0	32	54	39	327
1517265013	0	33	1	37	326
1517265036	0	28	58	54	84
1517265047	0	32	54	38	350
1517265093	0	24	31	37	693
1517265098	0	28	58	54	85
1517265115	0	32	54	37	351
1517265119	0	29	1	54	87
1517265125	0	25	1	37	694
1517265176	0	29	1	54	84
1517265187	0	25	1	37	693
1517265194	0	32	54	38	351
1517265282	0	33	1	38	349
1517265291	0	24	31	37	695
1517265310	0	29	1	54	85
1517265373	0	29	1	54	88
1517265395	0	28	58	54	87
1517265402	0	33	1	39	350
1517265405	0	24	31	37	695
1517265415	0	29	1	56	87
1517265461	0	29	1	54	87
1517265465	0	33	1	38	350
1517265476	0	24	31	37	696
1517265485	0	32	54	38	350
1517265521	0	29	1	54	91
1517265536	0	32	54	38	353
1517265541	0	24	31	38	699
1517265546	0	28	58	54	90
1517265601	0	24	31	37	698
1517265638	0	33	1	38	353
1517265652	0	28	58	54	91
1517265661	0	24	31	37	698
1517265668	0	32	54	37	353
1517265706	0	28	58	52	90
1517265725	0	24	31	37	700
1517265756	0	33	1	37	353
1517265767	0	28	58	56	91
1517265774	0	24	31	37	700
1517265784	0	32	54	38	354
1517265788	0	29	1	54	93
1517265855	0	29	1	54	91
1517265874	0	33	1	38	355
1517265880	0	24	31	38	703
1517265894	0	28	58	54	93
1517265898	0	32	54	37	356
1517265939	0	33	1	38	355
1517265950	0	24	31	37	704
1517265961	0	32	54	37	356
1517265968	0	28	58	54	93
1517266011	0	32	54	36	329
1517266016	0	28	58	54	68
1517266023	0	24	31	37	704
1517266056	0	29	1	54	94
1517266081	0	28	58	56	92
1517266156	0	28	58	56	96
1517266216	0	24	31	37	682
1517266237	0	33	1	38	356
1517266246	0	25	1	37	704
1517266255	0	29	1	54	97
1517266271	0	24	31	37	705
1517266319	0	24	31	37	707
1517266378	0	24	31	37	708
1517266416	0	25	1	36	685
1517266450	0	24	31	37	709
1517266475	0	25	1	37	689
1517266508	0	33	1	38	359
1517266516	0	25	1	38	706
1517266592	0	25	1	37	707
1517266608	0	29	1	56	99
1517266615	0	33	1	37	278
1517266654	0	32	54	38	357
1517266716	0	24	31	35	686
1517266727	0	32	54	38	359
1517266736	0	28	58	58	100
1517266773	0	29	1	56	84
1517266780	0	32	54	38	343
1517266786	0	24	31	37	706
1517266802	0	28	58	58	79
1517266811	0	33	1	37	340
1517266837	0	29	1	60	103
1517266842	0	32	54	38	359
1517266856	0	24	31	37	711
1517266864	0	28	58	58	100
1517266871	0	33	1	38	892
1517266908	0	32	54	38	361
1517266918	0	24	31	37	713
1517266936	0	33	1	35	342
1517266956	0	25	1	37	710
1517266961	0	32	54	38	360
1517266974	0	29	1	58	79
1517266981	0	24	31	37	691
1517266997	0	33	1	38	359
1517267021	0	25	1	37	711
1517267052	0	24	31	37	691
1517267078	0	28	58	58	104
1517267088	0	25	1	37	713
1517267099	0	33	1	37	363
1517267141	0	28	58	56	85
1517267149	0	25	1	37	695
1517267163	0	33	1	37	360
1517267205	0	25	1	37	693
1517267236	0	24	31	37	687
1517267257	0	25	1	37	692
1517267275	0	28	58	58	101
1517267282	0	33	1	39	357
1517267294	0	24	31	37	690
1517267315	0	29	1	56	104
1517267328	0	25	1	37	689
1517267333	0	33	1	37	340
1517267376	0	29	1	58	78
1517267407	0	28	58	56	78
1517267446	0	33	1	37	358
1517267451	0	25	1	37	688
1517267464	0	28	58	58	104
1517267476	0	32	54	38	358
1517267532	0	32	54	38	360
1517267555	0	29	1	54	101
1517267560	0	33	1	38	356
1517267563	0	25	1	38	711
1517267584	0	28	58	50	103
1517267592	0	24	31	37	690
1517267613	0	29	1	54	106
1517267632	0	25	1	38	713
1517267639	0	33	1	38	359
1517267651	0	28	58	56	105
1517267672	0	29	1	56	104
1517267751	0	25	1	37	714
1517267773	0	24	31	37	694
1517267777	0	33	1	37	339
1517267800	0	32	54	39	361
1517267807	0	25	1	37	714
1517267815	0	29	1	54	106
1517267821	0	33	1	38	359
1517267832	0	24	31	38	714
1517267858	0	32	54	39	863
1517267868	0	25	1	37	637
1517267878	0	33	1	38	864
1517267889	0	29	1	55	611
1517267922	0	25	1	37	716
1517267935	0	29	1	54	108
1517267939	0	33	1	38	362
1517267954	0	24	31	37	716
1517267974	0	32	54	37	362
1517267980	0	25	1	37	202
1517267989	0	29	1	54	94
1517268052	0	25	1	37	720
1517268073	0	24	31	37	718
1517268112	0	25	1	37	718
1517268164	0	32	54	37	360
1517268227	0	32	54	38	362
1517268231	0	29	1	60	109
1517268250	0	33	1	35	362
1517268304	0	28	58	58	110
1517268344	0	32	54	38	361
1517268361	0	28	58	58	111
1517268366	0	24	31	38	719
1517268377	0	33	1	39	362
1517268398	0	32	54	37	334
1517268416	0	28	58	58	111
1517268474	0	28	58	58	111
1517268481	0	33	1	38	361
1517268491	0	24	31	38	721
1517268524	0	25	1	37	721
1517268544	0	28	58	54	112
1517268548	0	33	1	37	363
1517268671	0	28	58	54	111
1517268711	0	25	1	36	687
1517268736	0	24	31	35	722
1517268761	0	29	1	54	84
1517268767	0	25	1	36	692
1517268782	0	33	1	37	364
1517268834	0	33	1	37	326
1517268839	0	29	1	52	79
1517268847	0	25	1	36	724
1517268877	0	28	58	54	113
1517268937	0	24	31	37	686
1517268947	0	28	58	54	77
1517269005	0	24	31	36	723
1517269033	0	25	1	36	693
1517269059	0	24	31	36	689
1517269065	0	28	58	52	76
1517269074	0	33	1	37	327
1517269080	0	25	1	36	689
1517269087	0	29	1	54	80
1517269139	0	33	1	37	338
1517269145	0	25	1	35	689
1517269150	0	29	1	52	81
1517269202	0	29	1	52	89
1517269261	0	29	1	54	113
1517269270	0	25	1	37	223
1517269292	0	28	58	54	114
1517269299	0	24	31	37	723
1517269303	0	32	54	38	364
1517269336	0	33	1	39	364
1517269356	0	24	31	37	722
1517269365	0	32	54	38	363
1517269379	0	29	1	56	116
1517269387	0	25	1	37	724
1517269395	0	33	1	39	363
1517269412	0	24	31	37	727
1517269418	0	28	58	54	120
1517269427	0	32	54	38	361
1517269437	0	25	1	37	724
1517269449	0	33	1	38	363
1517269536	0	32	54	38	361
1517269562	0	29	1	54	116
1517269571	0	33	1	38	362
1517269576	0	25	1	37	725
1517269593	0	28	58	56	118
1517269618	0	29	1	54	120
1517269679	0	24	31	38	727
1517269687	0	33	1	38	361
1517269712	0	25	1	37	728
1517269723	0	32	54	38	361
1517269728	0	29	1	54	117
1517269755	0	28	58	56	118
1517269775	0	25	1	37	725
1517269780	0	32	54	38	363
1517269795	0	29	1	52	120
1517269800	0	33	1	38	365
1517269806	0	24	31	37	694
1517269816	0	28	58	52	86
1517269851	0	24	31	38	726
1517269866	0	33	1	38	362
1517269871	0	28	58	54	118
1517269897	0	32	54	38	360
1517269907	0	29	1	56	116
1517269914	0	24	31	37	726
1517269919	0	33	1	38	362
1517269964	0	24	31	37	726
1517269989	0	25	1	37	730
1517270074	0	32	54	38	360
1517270092	0	29	1	58	88
1517270150	0	29	1	56	124
1517270196	0	32	54	38	365
1517270210	0	29	1	56	122
1517270221	0	25	1	38	728
1517270233	0	33	1	37	361
1517270261	0	32	54	38	363
1517270277	0	29	1	58	124
1517270288	0	33	1	38	364
1517270291	0	25	1	37	731
1517270374	0	24	31	38	729
1517270378	0	32	54	38	363
1517270383	0	29	1	58	122
1517270404	0	28	58	56	85
1517270409	0	25	1	37	694
1517270446	0	28	58	56	124
1517270458	0	33	1	39	367
1517270467	0	29	1	58	124
1517270473	0	25	1	37	732
1517270494	0	28	58	56	123
1517270501	0	24	31	37	732
1517270509	0	33	1	38	366
1517270515	0	29	1	56	126
1517270528	0	25	1	38	735
1517270560	0	24	31	38	733
1517270570	0	33	1	39	365
1517270582	0	29	1	54	124
1517270612	0	24	31	37	734
1517270623	0	33	1	38	365
1517270638	0	29	1	56	126
1517270647	0	25	1	38	731
1517270697	0	25	1	37	733
1517270707	0	28	58	54	125
1517270762	0	28	58	54	126
1517270797	0	24	31	37	733
1517270801	0	33	1	39	367
1517270818	0	25	1	37	736
1517270882	0	28	58	54	126
1517270919	0	29	1	54	128
1517270928	0	25	1	37	735
1517270933	0	32	54	38	365
1517270940	0	28	58	54	126
1517270955	0	33	1	38	366
1517270974	0	29	1	56	127
1517270989	0	32	54	39	368
1517270997	0	28	58	54	129
1517271045	0	32	54	38	368
1517271119	0	28	58	59	540
1517271157	0	29	1	57	539
1517271170	0	32	54	38	369
1517271178	0	25	1	38	739
1517271183	0	28	58	56	133
1517271228	0	32	54	38	372
1517271237	0	28	58	58	133
1517271251	0	24	31	37	741
1517271255	0	33	1	38	371
1517271281	0	32	54	38	369
1517271291	0	25	1	37	739
1517271307	0	28	58	58	130
1517271316	0	33	1	38	369
1517271333	0	29	1	56	131
1517271337	0	32	54	37	368
1517271358	0	25	1	37	740
1517271367	0	28	58	58	132
1517271377	0	33	1	38	368
1517271394	0	29	1	56	133
1517271398	0	32	54	38	371
1517271404	0	25	1	38	741
1517271431	0	24	31	38	743
1517271465	0	28	58	58	132
1517271483	0	24	31	37	743
1517271495	0	29	1	58	133
1517271520	0	32	54	37	371
1517271527	0	28	58	58	132
1517271540	0	24	31	37	742
1517271581	0	28	58	54	135
1517271587	0	32	54	37	371
1517271599	0	24	31	37	744
1517271611	0	29	1	54	111
1517271616	0	33	1	37	347
1517271644	0	24	31	37	743
1517271672	0	25	1	37	745
1517271698	0	24	31	37	744
1517271713	0	28	58	52	137
1517271724	0	32	54	38	371
1517271762	0	28	58	56	134
1517271770	0	24	31	37	743
1517271839	0	24	31	37	742
1517271874	0	33	1	38	371
1517271887	0	24	31	37	742
1517271901	0	29	1	54	137
1517272000	0	33	1	38	371
1517272016	0	29	1	54	136
1517272022	0	32	54	38	371
1517272027	0	25	1	37	745
1517272090	0	25	1	37	743
1517272130	0	29	1	54	138
1517272136	0	25	1	37	126
1517272148	0	32	54	38	751
1517272181	0	33	1	38	750
1517272189	0	29	1	57	517
1517272204	0	25	1	37	704
1517272211	0	32	54	37	334
1517272234	0	24	31	37	124
1517272241	0	33	1	38	372
1517272246	0	29	1	56	138
1517272393	0	28	58	54	137
1517272414	0	32	54	37	368
1517272418	0	29	1	54	136
1517272423	0	24	31	37	744
1517272437	0	33	1	38	371
1517272445	0	28	58	56	136
1517272473	0	29	1	54	138
1517272487	0	24	31	37	746
1517272536	0	29	1	54	139
1517272561	0	24	31	37	748
1517272575	0	28	58	54	139
1517272596	0	25	1	38	747
1517272603	0	29	1	60	138
1517272612	0	33	1	37	374
1517272619	0	24	31	37	750
1517272671	0	29	1	60	141
1517272677	0	24	31	37	749
1517272720	0	33	1	37	375
1517272725	0	29	1	60	144
1517272731	0	24	31	37	749
1517272741	0	32	54	38	374
1517272747	0	28	58	58	142
1517272756	0	25	1	38	751
1517272771	0	33	1	37	376
1517272803	0	32	54	37	347
1517272834	0	24	31	37	750
1517272840	0	33	1	38	375
1517272847	0	29	1	58	143
1517272896	0	24	31	37	751
1517272906	0	29	1	58	144
1517272919	0	25	1	37	753
1517272928	0	32	54	38	372
1517272935	0	28	58	58	140
1517272953	0	33	1	38	372
1517272958	0	29	1	58	142
1517272972	0	25	1	37	751
1517272992	0	32	54	38	375
1517272996	0	28	58	58	144
1517273085	0	29	1	60	144
1517273097	0	33	1	38	375
1517273142	0	29	1	56	147
1517273165	0	33	1	38	725
1517273169	0	25	1	37	104
1517273174	0	28	58	56	145
1517273197	0	29	1	56	495
1517273203	0	24	31	37	752
1517273211	0	33	1	38	724
1517273221	0	28	58	58	493
1517273231	0	25	1	37	102
1517273254	0	29	1	58	94
1517273271	0	24	31	37	101
1517273275	0	33	1	38	722
1517273288	0	28	58	56	493
1517273317	0	29	1	58	147
1517273395	0	24	31	37	755
1517273433	0	25	1	37	754
1517273465	0	28	58	58	149
1517273470	0	24	31	37	757
1517273477	0	33	1	39	375
1517273494	0	29	1	58	147
1517273505	0	32	54	38	374
1517273517	0	28	58	56	145
1517273527	0	33	1	38	374
1517273533	0	24	31	37	755
1517273555	0	29	1	58	148
1517273566	0	32	54	39	377
1517273573	0	25	1	38	757
1517273582	0	28	58	56	150
1517273627	0	32	54	39	375
1517273689	0	32	54	38	378
1517273706	0	28	58	58	149
1517273732	0	24	31	37	759
1517273738	0	29	1	56	152
1517273792	0	29	1	58	152
1517273816	0	25	1	38	758
1517273836	0	29	1	56	152
1517273865	0	28	58	56	152
1517273869	0	25	1	37	760
1517273886	0	32	54	38	378
1517273890	0	24	31	38	761
1517273895	0	29	1	58	149
1517273990	0	25	1	37	759
1517273995	0	28	58	56	152
1517274002	0	32	54	37	348
1517274035	0	33	1	38	376
1517274053	0	28	58	56	149
1517274092	0	33	1	39	378
1517274099	0	28	58	56	153
1517274121	0	32	54	38	377
1517274154	0	28	58	56	152
1517274162	0	24	31	38	759
1517274173	0	32	54	38	376
1517274211	0	33	1	39	377
1517274215	0	28	58	52	152
1517274254	0	29	1	54	152
1517274280	0	24	31	37	762
1517274302	0	25	1	38	762
1517274340	0	24	31	37	762
1517274348	0	32	54	38	698
1517274355	0	28	58	54	472
1517274374	0	33	1	38	377
1517274412	0	24	31	38	79
1517274423	0	29	1	54	470
1517274429	0	33	1	38	695
1517274455	0	28	58	56	469
1517274462	0	32	54	38	380
1517274472	0	24	31	38	763
1517274546	0	29	1	54	154
1517274551	0	33	1	38	377
1517274616	0	25	1	37	739
1517274640	0	24	31	37	767
1517274647	0	29	1	54	155
1517274653	0	32	54	38	379
1517274699	0	24	31	38	765
1517274707	0	32	54	38	379
1517274712	0	28	58	58	156
1517274721	0	25	1	37	765
1517274761	0	24	31	37	736
1517274773	0	32	54	38	378
1517274783	0	25	1	37	766
1517274790	0	29	1	58	159
1517309690	0	24	31	36	32
1517309742	0	24	31	35	41
1517309747	0	33	1	36	507
1517309745	0	28	58	48	439
1517309762	0	32	54	36	509
1517309770	0	25	1	36	44
1517309775	0	29	1	46	443
1517309788	0	33	1	37	513
1517309806	0	24	31	36	40
1517309813	0	28	58	50	443
1517309821	0	32	54	37	510
1517309837	0	25	1	36	43
1517309845	0	29	1	50	444
1517309853	0	33	1	36	509
1517309986	0	33	1	37	891
1517310002	0	29	1	55	823
1517310028	0	28	58	52	417
1517310036	0	25	1	36	26
1517310050	0	33	1	36	890
1517310058	0	29	1	53	825
1517310091	0	27	54	35	512
1517310109	0	25	1	35	425
1517310123	0	33	1	37	890
1517310164	0	28	58	57	822
1517310173	0	25	1	36	46
1517310183	0	33	1	37	510
1517310202	0	24	31	37	44
1517310233	0	28	58	54	443
1517310246	0	24	31	36	46
1517310251	0	32	54	37	511
1517310322	0	25	1	36	47
1517310331	0	32	54	37	509
1517310335	0	28	58	50	444
1517310346	0	24	31	36	47
1517310391	0	28	58	56	447
1517310397	0	32	54	36	511
1517310412	0	24	31	36	47
1517310418	0	29	1	54	447
1517310446	0	25	1	36	47
1517310486	0	33	1	37	510
1517310501	0	25	1	36	47
1517310545	0	33	1	37	512
1517310571	0	32	54	37	513
1517310596	0	33	1	37	510
1517310603	0	28	58	52	426
1517310628	0	29	1	54	429
1517310635	0	32	54	37	510
1517310641	0	24	31	36	51
1517310659	0	28	58	56	450
1517310667	0	25	1	36	50
1517310692	0	29	1	56	447
1517310698	0	24	31	36	49
1517310712	0	32	54	38	496
1517310718	0	28	58	54	433
1517310746	0	33	1	38	494
1517310806	0	24	31	35	34
1517310814	0	29	1	56	424
1517310819	0	33	1	37	488
1517310836	0	28	58	56	450
1517310866	0	24	31	37	50
1517310876	0	29	1	54	448
1517310880	0	33	1	37	512
1517310929	0	33	1	38	513
1517310941	0	25	1	37	51
1517310951	0	32	54	37	514
1517310955	0	28	58	56	451
1517310996	0	32	54	37	509
1517311007	0	25	1	37	51
1517311018	0	33	1	37	512
1517311043	0	24	31	37	53
1517311067	0	25	1	36	400
1517311104	0	29	1	55	798
1517311123	0	32	54	37	514
1517311129	0	25	1	36	54
1517311134	0	28	58	54	452
1517311143	0	33	1	37	514
1517311177	0	32	54	38	859
1517311226	0	32	54	37	497
1517311232	0	25	1	36	52
1517311246	0	28	58	56	453
1517311253	0	24	31	37	54
1517311301	0	24	31	36	54
1517311305	0	28	58	50	452
1517311310	0	33	1	37	514
1517311373	0	24	31	37	57
1517311415	0	33	1	38	515
1517311420	0	24	31	37	56
1517311425	0	28	58	56	456
1517311437	0	32	54	37	516
1517311446	0	25	1	37	58
1517311471	0	33	1	37	514
1517311476	0	24	31	37	55
1517311485	0	28	58	56	457
1517311504	0	32	54	37	515
1517311521	0	29	1	54	458
1517311533	0	33	1	38	515
1517311537	0	24	31	37	56
1517311543	0	28	58	56	456
1517311656	0	33	1	37	513
1517311668	0	29	1	58	458
1517311677	0	25	1	37	59
1517311681	0	32	54	37	517
1517311711	0	24	31	36	57
1517311721	0	33	1	38	516
1517311737	0	25	1	36	60
1517311769	0	24	31	36	58
1517311799	0	33	1	36	515
1517311842	0	28	58	58	457
1517311908	0	24	31	37	59
1517311953	0	24	31	36	61
1517311961	0	33	1	37	517
1517311972	0	28	58	58	457
1517312011	0	29	1	58	458
1517312092	0	28	58	56	457
1517312122	0	33	1	37	515
1517312128	0	24	31	37	58
1517312142	0	28	58	54	441
1517312156	0	32	54	37	518
1517312164	0	25	1	38	376
1517312192	0	24	31	35	43
1517312201	0	28	58	58	461
1517312249	0	24	31	37	61
1517312269	0	28	58	59	774
1517312301	0	29	1	56	440
1517312334	0	32	54	38	514
1517312341	0	28	58	58	459
1517312346	0	25	1	37	60
1517312369	0	33	1	37	515
1517312382	0	24	31	37	58
1517312392	0	28	58	56	458
1517312406	0	32	54	37	490
1517312447	0	28	58	56	460
1517312459	0	32	54	37	514
1517312503	0	24	31	37	58
1517312519	0	32	54	38	517
1517312553	0	33	1	37	516
1517312558	0	24	31	36	62
1517312563	0	28	58	56	460
1517312581	0	32	54	38	515
1517312624	0	28	58	58	461
1517312670	0	28	58	56	461
1517312743	0	33	1	37	517
1517312759	0	29	1	58	464
1517312788	0	28	58	58	463
1517312803	0	24	31	36	63
1517312810	0	33	1	36	518
1517312819	0	29	1	58	464
1517312853	0	28	58	56	462
1517312868	0	24	31	37	64
1517312872	0	33	1	38	813
1517312964	0	28	58	56	463
1517312977	0	32	54	38	490
1517312989	0	24	31	37	64
1517313023	0	32	54	36	809
1517313064	0	29	1	58	465
1517313087	0	32	54	38	516
1517313093	0	28	58	58	463
1517313118	0	25	1	37	44
1517313147	0	28	58	59	752
1517313153	0	24	31	36	352
1517313157	0	32	54	37	804
1517313172	0	29	1	59	753
1517313209	0	28	58	58	387
1517313244	0	29	1	55	750
1517313266	0	33	1	37	518
1517313273	0	28	58	60	467
1517313298	0	29	1	58	468
1517313344	0	29	1	58	465
1517313348	0	32	54	38	518
1517313358	0	25	1	37	69
1517313404	0	29	1	56	467
1517313446	0	29	1	58	470
1517313451	0	24	31	36	71
1517313454	0	32	54	38	524
1517313472	0	28	58	58	469
1517313483	0	25	1	37	71
1517313519	0	32	54	38	521
1517313570	0	29	1	56	472
1517313585	0	25	1	35	46
1517313589	0	32	54	38	497
1517313605	0	28	58	58	445
1517313625	0	33	1	36	495
1517313633	0	29	1	58	472
1517313648	0	25	1	37	41
1517313660	0	32	54	36	525
1517313665	0	28	58	56	474
1517313682	0	24	31	35	73
1517313703	0	25	1	36	72
1517313713	0	28	58	58	449
1517313720	0	32	54	38	500
1517313752	0	33	1	38	521
1517313772	0	25	1	36	72
1517313780	0	32	54	37	522
1517313818	0	28	58	56	472
1517313826	0	25	1	36	46
1517313830	0	32	54	38	496
1517313865	0	33	1	37	504
1517313882	0	25	1	37	69
1517313902	0	24	31	36	72
1517313922	0	25	1	37	72
1517313930	0	29	1	56	472
1517313954	0	24	31	37	74
1517313961	0	32	54	38	521
1517313966	0	28	58	58	472
1517314055	0	33	1	38	521
1517314070	0	24	31	37	74
1517314077	0	28	58	56	455
1517314120	0	33	1	38	275
1517314143	0	25	1	38	75
1517314183	0	29	1	53	727
1517314200	0	25	1	36	77
1517314225	0	24	31	36	50
1517314232	0	33	1	39	523
1517314236	0	29	1	54	475
1517314250	0	25	1	34	51
1517314282	0	24	31	36	76
1517314289	0	29	1	56	476
1517314309	0	25	1	37	56
1517314323	0	28	58	58	477
1517314348	0	24	31	37	59
1517314362	0	29	1	58	476
1517314369	0	32	54	39	524
1517314384	0	28	58	56	477
1517314414	0	25	1	36	78
1517314423	0	29	1	56	477
1517314437	0	32	54	37	524
1517314443	0	28	58	58	452
1517314465	0	29	1	56	459
1517314477	0	33	1	38	505
1517314483	0	25	1	37	79
1517314489	0	28	58	58	479
1517314536	0	28	58	54	449
1517314543	0	33	1	37	503
1517314559	0	25	1	37	79
1517314598	0	24	31	37	75
1517314617	0	32	54	36	519
1517314626	0	25	1	36	60
1517314713	0	28	58	56	479
1517314737	0	29	1	58	477
1517314799	0	25	1	37	79
1517314823	0	33	1	35	500
1517314831	0	24	31	38	62
1517314844	0	32	54	38	518
1517314860	0	25	1	37	76
1517314919	0	33	1	38	526
1517314924	0	25	1	38	78
1517314950	0	32	54	38	526
1517315014	0	28	58	58	477
1517315018	0	32	54	39	520
1517315038	0	33	1	38	501
1517315069	0	24	31	38	77
1517315080	0	33	1	38	525
1517315085	0	28	58	58	477
1517315093	0	25	1	38	79
1517315105	0	32	54	37	524
1517315147	0	28	58	56	478
1517315156	0	32	54	39	749
1517315185	0	33	1	38	748
1517315198	0	25	1	34	307
1517315214	0	28	58	59	705
1517315218	0	32	54	38	749
1517315246	0	33	1	38	748
1517315261	0	28	58	57	702
1517315271	0	25	1	37	303
1517315275	0	32	54	38	746
1517315308	0	24	31	37	82
1517315338	0	32	54	39	524
1517315343	0	25	1	36	83
1517315370	0	24	31	37	301
1517315377	0	28	58	55	700
1517315392	0	32	54	39	741
1517315421	0	33	1	37	502
1517315449	0	32	54	39	520
1517315463	0	25	1	37	77
1517315487	0	24	31	36	78
1517315510	0	32	54	39	498
1517315517	0	28	58	54	477
1517315545	0	24	31	37	75
1517315565	0	25	1	38	83
1517315609	0	25	1	37	80
1517315619	0	28	58	54	480
1517315635	0	33	1	39	523
1517315642	0	24	31	38	80
1517315669	0	25	1	37	82
1517315688	0	28	58	54	482
1517315699	0	33	1	38	523
1517315703	0	24	31	37	79
1517315733	0	32	54	38	501
1517315789	0	25	1	37	87
1517315802	0	32	54	39	525
1517315855	0	25	1	37	88
1517315859	0	32	54	38	529
1517315872	0	28	58	60	487
1517315882	0	33	1	38	528
1517315888	0	24	31	36	89
1517315912	0	32	54	38	527
1517315917	0	28	58	60	486
1517315922	0	25	1	38	87
1517315966	0	28	58	60	481
1517315977	0	25	1	38	84
1517315998	0	33	1	36	525
1517316116	0	28	58	60	486
1517316179	0	28	58	60	424
1517316183	0	33	1	38	526
1517316187	0	24	31	37	86
1517316322	0	29	1	58	491
1517316386	0	32	54	39	523
1517316412	0	33	1	38	526
1517316424	0	24	31	38	87
1517316454	0	25	1	37	87
1517316465	0	33	1	38	526
1517316473	0	28	58	56	486
1517317892	0	25	1	37	99
1517317907	0	28	58	59	878
1517317923	0	24	31	37	97
1517317940	0	25	1	38	477
1517317944	0	32	54	39	908
1517318026	0	24	41	37	102
1517318033	0	28	58	60	501
1517318037	0	33	1	2	532
1517318060	0	29	1	60	501
1517318075	0	32	54	39	532
1517318082	0	28	58	58	499
1517318088	0	24	31	37	100
